75.53300
75.02400
72.94700
69.81100
67.80400
73.16200
81.12200
86.42100
85.79800
75.29300
72.89400
77.95100
85.69500
81.57800
78.05400
72.56600
71.73400
79.73200
91.69700
94.77300
94.32000
80.38800
76.62900
77.96700
83.73900
80.57600
77.05000
73.96600
73.01200
81.04100
90.40300
94.67300
90.14800
78.19600
75.66100
84.04100
89.13600
86.20600
81.83700
77.76000
74.84200
83.00800
93.98900
98.18000
94.41500
78.83200
76.97200
85.68200
97.94200
90.72400
82.64800
78.08800
76.48800
82.06800
95.79000
99.68400
95.14300
82.58000
83.28900
95.14800
105.3750
99.71100
88.15600
80.28100
78.86400
88.67100
105.1380
106.8450
100.7670
88.35000
82.11800
93.41800
106.4220
104.2080
97.31000
83.24000
80.62200
92.33000
106.8990
109.4960
107.2830
91.90700
86.21500
97.08500
112.4230
109.3610
99.40800
88.14000
84.51900
91.41700
103.3170
110.8780
104.4870
90.91100
88.95400
98.21300
107.6880
105.9250
101.2330
90.21300
84.39500
94.48900
115.7310
124.0460
115.9640
96.91100
91.04000
102.9890
119.9150
110.3110
100.2850
91.82200
90.92900
103.1450
121.2400
121.5760
110.9060
98.36600
95.19300
107.2490
124.0950
115.3970
105.3290
97.98600
92.58800
101.2170
116.4190
121.6570
113.9250
98.84300
96.16200
107.5810
116.4820
110.0720
103.2640
99.38700
92.59800
101.5270
122.6760
133.0740
127.2630
103.4140
99.08500
113.6920
130.9010
118.0900
111.4270
101.8360
100.4290
111.8740
127.0230
128.8010
122.3840
106.7450
105.3180
115.7380
129.1510
125.7920
113.3070
105.1090
103.7900
114.8420
129.4340
132.9740
129.4960
110.3980
108.0010
125.9350
137.8440
123.4370
115.8990
106.1450
105.9960
123.3690
143.4300
142.6560
131.7860
115.4980
110.9420
128.4720
138.4540
127.7380
120.9650
112.2780
114.7580
130.5000
149.9360
154.8800
136.7380
119.4450
114.8890
129.7360
147.9620
137.0640
126.9370
115.6750
112.7340
130.9740
154.3110
163.5150
142.4030
123.5000
119.6450
135.3550
145.1600
136.4060
136.7950
122.3130
120.2880
137.1740
155.2100
156.2750
146.4530
127.2640
124.2840
148.4630
159.3510
133.7240
132.3160
124.3560
124.9820
141.1350
164.1930
161.9300
157.5410
135.4510
127.5910
140.7300
158.9790
140.1440
134.4610
126.0170
132.2770
151.8300
168.9050
167.9900
156.6860
135.4330
133.6030
145.7810
155.3040
143.7740
135.5720
128.9860
128.2590
138.7120
162.1400
161.2370
150.6080
136.5190
132.5700
152.2130
159.2520
145.9540
142.7660
131.6090
128.0080
147.2380
178.0500
180.1570
162.8240
139.9460
136.3020
153.9330
172.5510
154.8920
145.5850
134.4110
133.6580
160.0090
184.1770
176.4970
161.3850
142.3850
137.7280
154.3100
166.8510
152.8440
147.8320
134.9530
139.2970
161.2980
187.6120
200.7840
173.3140
149.6090
147.2000
163.9950
181.9990
167.0280
158.0590
142.8140
147.5630
170.9160
190.0140
191.7050
173.1040
151.0530
150.0350
167.0480
183.9990
162.6670
154.4530
145.0060
144.9300
165.9680
199.8800
195.3810
181.6280
167.5080
155.3470
173.1530
180.0190
159.2040
161.5680
148.3420
157.1400
185.7470
214.8890
215.6000
198.6640
170.5500
155.7030
172.2180
192.7570
163.5100
168.5860
155.2890
159.0330
186.5260
222.7680
221.4620
196.5820
169.3780
158.2460
177.6060
194.2180
172.6590
167.9330
157.0440
172.4710
196.5290
219.2870
227.7020
205.3480
176.9790
170.2000
196.2850
217.7870
184.5730
180.0250
166.8410
172.3380
197.5970
224.4530
236.6160
205.9230
178.2760
167.4730
183.9390
207.3230
180.9820
182.1350
173.3190
180.2910
208.0300
242.2250
242.2430
217.1630
191.8930
176.2530
198.0940
225.1040
202.9160
193.3340
174.7320
185.6020
203.9640
245.1950
254.2280
221.1650
192.4450
182.2480
211.1000
229.9220
207.9130
195.9170
180.5610
193.5740
222.0730
247.0930
243.5090
224.6150
198.6910
187.8960
216.7030